{
    "w": 1536,
    "h": 2720,
    "fl_x": 1183.4560329790909,
    "fl_y": 1179.9285772000546,
    "cx": 770.8207892866918,
    "cy": 1359.388593569463,
    "k1": -0.059334061023655425,
    "k2": 0.008597284768301383,
    "p1": 4.713983716910937e-05,
    "p2": 0.00043447758983417885,
    "camera_model": "OPENCV",
    "frames": [
        {
            "file_path": "images/frame_00271.png",
            "transform_matrix": [
                [
                    -0.740378566694177,
                    0.02436497859795886,
                    -0.6717484095982633,
                    -3.8685681101340332
                ],
                [
                    -0.6181131188348924,
                    -0.4173900552105819,
                    0.666124398393805,
                    4.234302856456247
                ],
                [
                    -0.2641509990593965,
                    0.9084007318519887,
                    0.324086963740744,
                    1.287798497932858
                ],
                [
                    0.0,
                    0.0,
                    0.0,
                    1.0
                ]
            ],
            "colmap_im_id": 271
        },
        {
            "file_path": "images/frame_00270.png",
            "transform_matrix": [
                [
                    -0.7220735302721853,
                    0.030773887431195086,
                    -0.6911315249159432,
                    -3.7899945874374357
                ],
                [
                    -0.6367428649288507,
                    -0.4201704618102645,
                    0.6465410327151322,
                    3.8965343126166134
                ],
                [
                    -0.2704964710351401,
                    0.9069232331760616,
                    0.32298902192336887,
                    1.180702882295034
                ],
                [
                    0.0,
                    0.0,
                    0.0,
                    1.0
                ]
            ],
            "colmap_im_id": 270
        },
        {
            "file_path": "images/frame_00269.png",
            "transform_matrix": [
                [
                    -0.7021737608598023,
                    0.0361699228190779,
                    -0.7110863142005075,
                    -3.5711554021017973
                ],
                [
                    -0.6550056298453458,
                    -0.42435735883296877,
                    0.6252107299744689,
                    3.6432820032880895
                ],
                [
                    -0.27914088634756207,
                    0.9047721087033844,
                    0.32166410567784615,
                    1.1095844653554665
                ],
                [
                    0.0,
                    0.0,
                    0.0,
                    1.0
                ]
            ],
            "colmap_im_id": 269
        },
        {
            "file_path": "images/frame_00268.png",
            "transform_matrix": [
                [
                    -0.6725944345665047,
                    0.043607205221101765,
                    -0.7387253469612147,
                    -3.4458716788921246
                ],
                [
                    -0.6831194326133609,
                    -0.42043054320038503,
                    0.5971482220774229,
                    3.2841533593632772
                ],
                [
                    -0.2845427338312503,
                    0.9062762106538127,
                    0.3125681727668452,
                    0.9980990673340988
                ],
                [
                    0.0,
                    0.0,
                    0.0,
                    1.0
                ]
            ],
            "colmap_im_id": 268
        },
        {
            "file_path": "images/frame_00267.png",
            "transform_matrix": [
                [
                    0.9202087457745503,
                    -0.06228823055887714,
                    0.38644021598932116,
                    2.1715746418734128
                ],
                [
                    0.3698860175854577,
                    -0.18462580321226277,
                    -0.9105479925753485,
                    -4.310076929954834
                ],
                [
                    0.12806325856700487,
                    0.9808330587424503,
                    -0.14685473326770732,
                    -1.204933220702454
                ],
                [
                    0.0,
                    0.0,
                    0.0,
                    1.0
                ]
            ],
            "colmap_im_id": 267
        },
        {
            "file_path": "images/frame_00266.png",
            "transform_matrix": [
                [
                    -0.6346290729697959,
                    0.053324904203193836,
                    -0.7709749634931198,
                    -3.2045696332498883
                ],
                [
                    -0.7146513451916492,
                    -0.4201968398769396,
                    0.5592030673853634,
                    3.014879673131163
                ],
                [
                    -0.29414179328559126,
                    0.9058648190260805,
                    0.30477784547696835,
                    0.9271449371375085
                ],
                [
                    0.0,
                    0.0,
                    0.0,
                    1.0
                ]
            ],
            "colmap_im_id": 266
        },
        {
            "file_path": "images/frame_00265.png",
            "transform_matrix": [
                [
                    -0.5677650123607734,
                    0.06697275053996599,
                    -0.8204617854745468,
                    -3.0664700966032945
                ],
                [
                    -0.7633173968091179,
                    -0.4159923128689688,
                    0.4942640461964403,
                    2.640291667476221
                ],
                [
                    -0.3082035730933721,
                    0.9068985865680007,
                    0.2873073462573503,
                    0.7935912055062898
                ],
                [
                    0.0,
                    0.0,
                    0.0,
                    1.0
                ]
            ],
            "colmap_im_id": 265
        },
        {
            "file_path": "images/frame_00264.png",
            "transform_matrix": [
                [
                    0.9020371157942904,
                    -0.1523748800944575,
                    0.40386995140232657,
                    -0.899531647358157
                ],
                [
                    0.40195806669075773,
                    -0.044546688748453696,
                    -0.9145738379943833,
                    -0.8146381008680126
                ],
                [
                    0.1573491479218945,
                    0.9873183318655379,
                    0.021065545578163064,
                    -0.057828838976894795
                ],
                [
                    0.0,
                    0.0,
                    0.0,
                    1.0
                ]
            ],
            "colmap_im_id": 264
        },
        {
            "file_path": "images/frame_00263.png",
            "transform_matrix": [
                [
                    -0.5382896011740511,
                    0.08037709038877022,
                    -0.8389182490615605,
                    -2.9263656799146243
                ],
                [
                    -0.7845538681561699,
                    -0.4113156895339608,
                    0.46399852532566516,
                    2.280471567382862
                ],
                [
                    -0.3077653866650219,
                    0.9079421385109504,
                    0.2844671156515137,
                    0.7203835262858919
                ],
                [
                    0.0,
                    0.0,
                    0.0,
                    1.0
                ]
            ],
            "colmap_im_id": 263
        },
        {
            "file_path": "images/frame_00262.png",
            "transform_matrix": [
                [
                    0.9223375401083433,
                    -0.13918201918040626,
                    0.3604467056913613,
                    -0.9360421240659099
                ],
                [
                    0.3591049421471005,
                    -0.03552301241264422,
                    -0.9326209069684523,
                    -0.7863783714475867
                ],
                [
                    0.14260821376210198,
                    0.9896294665813039,
                    0.01721674305978003,
                    -0.058297780836334544
                ],
                [
                    0.0,
                    0.0,
                    0.0,
                    1.0
                ]
            ],
            "colmap_im_id": 262
        },
        {
            "file_path": "images/frame_00261.png",
            "transform_matrix": [
                [
                    0.9918980604480649,
                    -0.06529537199156275,
                    0.10897133602856342,
                    -1.4842339762384757
                ],
                [
                    0.10448073710998491,
                    -0.06864527238690721,
                    -0.9921550292932457,
                    -0.7135711939603179
                ],
                [
                    0.07226349875504827,
                    0.9955020547318879,
                    -0.06126700394395323,
                    -0.09094844610910152
                ],
                [
                    0.0,
                    0.0,
                    0.0,
                    1.0
                ]
            ],
            "colmap_im_id": 261
        },
        {
            "file_path": "images/frame_00260.png",
            "transform_matrix": [
                [
                    0.8438445954952801,
                    0.12684479733166368,
                    -0.5213796083884528,
                    -1.9462147753362018
                ],
                [
                    -0.5160825100141369,
                    -0.07418705223886168,
                    -0.8533200596128141,
                    -0.270558598493565
                ],
                [
                    -0.146918826264422,
                    0.9891444174992837,
                    0.00286003830167007,
                    0.07465327112125372
                ],
                [
                    0.0,
                    0.0,
                    0.0,
                    1.0
                ]
            ],
            "colmap_im_id": 260
        },
        {
            "file_path": "images/frame_00259.png",
            "transform_matrix": [
                [
                    0.2908438242864389,
                    0.2980584162365841,
                    -0.9091595296673615,
                    -2.202320398587952
                ],
                [
                    -0.8950819557558347,
                    -0.25092017284430906,
                    -0.3686018981775485,
                    0.35793332637418285
                ],
                [
                    -0.33799136431978377,
                    0.9209778756139159,
                    0.19380812747387527,
                    0.2324382410470472
                ],
                [
                    0.0,
                    0.0,
                    0.0,
                    1.0
                ]
            ],
            "colmap_im_id": 259
        },
        {
            "file_path": "images/frame_00258.png",
            "transform_matrix": [
                [
                    -0.38416262185195654,
                    0.2018001474688664,
                    -0.900941607682413,
                    -2.537591248334258
                ],
                [
                    -0.8596275937971369,
                    -0.4341910355563426,
                    0.2692926746591005,
                    1.1426274648022445
                ],
                [
                    -0.3368374681569312,
                    0.877926446306326,
                    0.3402729418005107,
                    0.5086126809234042
                ],
                [
                    0.0,
                    0.0,
                    0.0,
                    1.0
                ]
            ],
            "colmap_im_id": 258
        },
        {
            "file_path": "images/frame_00127.png",
            "transform_matrix": [
                [
                    0.9905608213360096,
                    -0.1089625922480752,
                    0.08316497294359866,
                    0.38574273941152754
                ],
                [
                    0.11319479151789763,
                    0.30807143460640535,
                    -0.9446051716737374,
                    -3.5728368453363957
                ],
                [
                    0.07730587563277116,
                    0.9451027164653221,
                    0.3174974912066544,
                    -0.9693981281378795
                ],
                [
                    0.0,
                    0.0,
                    0.0,
                    1.0
                ]
            ],
            "colmap_im_id": 127
        },
        {
            "file_path": "images/frame_00126.png",
            "transform_matrix": [
                [
                    0.9573565216386837,
                    -0.2035894160193071,
                    0.20498741464001644,
                    0.7778912246880623
                ],
                [
                    0.2582538685171022,
                    0.2849850165577265,
                    -0.9230863880122725,
                    -3.8071644043887862
                ],
                [
                    0.1295122769154794,
                    0.936661566427549,
                    0.3254100184469715,
                    -1.0004869005677068
                ],
                [
                    0.0,
                    0.0,
                    0.0,
                    1.0
                ]
            ],
            "colmap_im_id": 126
        },
        {
            "file_path": "images/frame_00125.png",
            "transform_matrix": [
                [
                    0.9417752407528958,
                    -0.23207222445919834,
                    0.2433143615559604,
                    1.2637781781498718
                ],
                [
                    0.3029951145108877,
                    0.27198902490840776,
                    -0.9133542198467732,
                    -4.100972885308177
                ],
                [
                    0.14578530957321884,
                    0.9338974531306597,
                    0.32646927964007233,
                    -1.0825469205445322
                ],
                [
                    0.0,
                    0.0,
                    0.0,
                    1.0
                ]
            ],
            "colmap_im_id": 125
        },
        {
            "file_path": "images/frame_00124.png",
            "transform_matrix": [
                [
                    0.9312762235737269,
                    -0.23642789013369467,
                    0.2771758434156689,
                    1.7852114750307035
                ],
                [
                    0.3239717630913145,
                    0.18945302020997812,
                    -0.9269033659734022,
                    -4.204129987586336
                ],
                [
                    0.16663400651056495,
                    0.9530002129591825,
                    0.2530290536163581,
                    -1.0311685823541392
                ],
                [
                    0.0,
                    0.0,
                    0.0,
                    1.0
                ]
            ],
            "colmap_im_id": 124
        },
        {
            "file_path": "images/frame_00123.png",
            "transform_matrix": [
                [
                    0.9176128264418144,
                    -0.2311937591210692,
                    0.3233205011949195,
                    2.265575487134996
                ],
                [
                    0.339619986095804,
                    0.03342897752474401,
                    -0.939968493358121,
                    -4.457589223738033
                ],
                [
                    0.20650657566709785,
                    0.972333250076906,
                    0.10919287980967443,
                    -1.0952033020824534
                ],
                [
                    0.0,
                    0.0,
                    0.0,
                    1.0
                ]
            ],
            "colmap_im_id": 123
        },
        {
            "file_path": "images/frame_00122.png",
            "transform_matrix": [
                [
                    0.9089762075076867,
                    -0.22908943983576965,
                    0.34825318769636,
                    2.757397350362659
                ],
                [
                    0.35372822226259976,
                    -0.0180998208691319,
                    -0.935173107643417,
                    -4.382410288283215
                ],
                [
                    0.22054160369391465,
                    0.9732370857300078,
                    0.06458309376204961,
                    -1.1150085229767646
                ],
                [
                    0.0,
                    0.0,
                    0.0,
                    1.0
                ]
            ],
            "colmap_im_id": 122
        },
        {
            "file_path": "images/frame_00121.png",
            "transform_matrix": [
                [
                    0.8948225520326454,
                    -0.22716600727203085,
                    0.38430223199178465,
                    3.0845343623619907
                ],
                [
                    0.3715649821916226,
                    -0.09818124701442357,
                    -0.9232009026986661,
                    -4.1873639875689195
                ],
                [
                    0.24745113534337035,
                    0.9688942397778907,
                    -0.0034478605686199767,
                    -1.2808144665262218
                ],
                [
                    0.0,
                    0.0,
                    0.0,
                    1.0
                ]
            ],
            "colmap_im_id": 121
        },
        {
            "file_path": "images/frame_00120.png",
            "transform_matrix": [
                [
                    0.8517733714824031,
                    -0.18142036685106847,
                    0.49149646400063135,
                    3.4927287713647193
                ],
                [
                    0.45275780952441635,
                    -0.21714076682729747,
                    -0.8647891380540725,
                    -3.9436813474670354
                ],
                [
                    0.26361428176059143,
                    0.9591332221716007,
                    -0.10281523514815574,
                    -1.6205692807111136
                ],
                [
                    0.0,
                    0.0,
                    0.0,
                    1.0
                ]
            ],
            "colmap_im_id": 120
        },
        {
            "file_path": "images/frame_00119.png",
            "transform_matrix": [
                [
                    0.9514277652054917,
                    0.0401631040965107,
                    -0.3052411057924815,
                    -1.069713122910191
                ],
                [
                    -0.2917654805613088,
                    -0.19885754340189746,
                    -0.9355899645597909,
                    -1.8297845846161946
                ],
                [
                    -0.09827569358143717,
                    0.9792050870484158,
                    -0.17748038074556907,
                    -0.5851528285326729
                ],
                [
                    0.0,
                    0.0,
                    0.0,
                    1.0
                ]
            ],
            "colmap_im_id": 119
        },
        {
            "file_path": "images/frame_00118.png",
            "transform_matrix": [
                [
                    0.8144600400939733,
                    -0.09201168291008739,
                    0.5728775552403644,
                    3.912119150453758
                ],
                [
                    0.5299042444731362,
                    -0.28421580297916943,
                    -0.7990136851307746,
                    -3.7495597720623977
                ],
                [
                    0.23633944820845695,
                    0.9543349661125067,
                    -0.1827250329745836,
                    -1.6652850595013826
                ],
                [
                    0.0,
                    0.0,
                    0.0,
                    1.0
                ]
            ],
            "colmap_im_id": 118
        },
        {
            "file_path": "images/frame_00117.png",
            "transform_matrix": [
                [
                    0.7647770087838007,
                    -0.027854734389141704,
                    0.6436926600543246,
                    3.8767229810379744
                ],
                [
                    0.6088497477904634,
                    -0.29556067158855104,
                    -0.7361697318048419,
                    -3.5601254322025455
                ],
                [
                    0.2107560472470268,
                    0.9549177991755284,
                    -0.2090786583240241,
                    -1.5765149981850184
                ],
                [
                    0.0,
                    0.0,
                    0.0,
                    1.0
                ]
            ],
            "colmap_im_id": 117
        },
        {
            "file_path": "images/frame_00116.png",
            "transform_matrix": [
                [
                    0.7051606448887129,
                    -0.011960544111103536,
                    0.7089466907213124,
                    3.528837862526189
                ],
                [
                    0.6828148329765052,
                    -0.2579979834646916,
                    -0.683520990457074,
                    -3.2546330860781887
                ],
                [
                    0.1910820995472922,
                    0.9660714186398016,
                    -0.17376318747041808,
                    -1.4696719765197417
                ],
                [
                    0.0,
                    0.0,
                    0.0,
                    1.0
                ]
            ],
            "colmap_im_id": 116
        },
        {
            "file_path": "images/frame_00115.png",
            "transform_matrix": [
                [
                    0.5540292559161103,
                    -0.007634835216651817,
                    0.8324621870573194,
                    3.1518318132459884
                ],
                [
                    0.802578084144214,
                    -0.2607714026349782,
                    -0.536532100082734,
                    -2.9168067472780828
                ],
                [
                    0.22117866633209468,
                    0.9653703873949112,
                    -0.13834743474512018,
                    -1.3952270481150755
                ],
                [
                    0.0,
                    0.0,
                    0.0,
                    1.0
                ]
            ],
            "colmap_im_id": 115
        },
        {
            "file_path": "images/frame_00114.png",
            "transform_matrix": [
                [
                    0.37352563376043635,
                    0.007835212520200096,
                    0.9275867670297084,
                    3.1465122557180596
                ],
                [
                    0.8823397347791678,
                    -0.3116058299549721,
                    -0.3526732186711933,
                    -2.664050710745995
                ],
                [
                    0.2862781747770701,
                    0.9501791495201504,
                    -0.1233060844543893,
                    -1.271310398819168
                ],
                [
                    0.0,
                    0.0,
                    0.0,
                    1.0
                ]
            ],
            "colmap_im_id": 114
        },
        {
            "file_path": "images/frame_00113.png",
            "transform_matrix": [
                [
                    0.3038564366347385,
                    0.03248773004201584,
                    0.952163753412383,
                    2.9957332798269154
                ],
                [
                    0.9008337748816093,
                    -0.33511094798442864,
                    -0.27604195799466524,
                    -2.1490864012653477
                ],
                [
                    0.31011252143083506,
                    0.9416183940098529,
                    -0.1310916630229216,
                    -1.0994230396712836
                ],
                [
                    0.0,
                    0.0,
                    0.0,
                    1.0
                ]
            ],
            "colmap_im_id": 113
        },
        {
            "file_path": "images/frame_00112.png",
            "transform_matrix": [
                [
                    0.2738835867400549,
                    0.041472792246682606,
                    0.960868247169021,
                    2.9336876181659832
                ],
                [
                    0.9056233413134845,
                    -0.3474614699648614,
                    -0.2431396523771014,
                    -1.719693865431097
                ],
                [
                    0.3237810133139415,
                    0.9367766726350102,
                    -0.1327227223359889,
                    -0.9612700506071475
                ],
                [
                    0.0,
                    0.0,
                    0.0,
                    1.0
                ]
            ],
            "colmap_im_id": 112
        },
        {
            "file_path": "images/frame_00111.png",
            "transform_matrix": [
                [
                    0.2564131878780228,
                    0.03821291350620011,
                    0.9658116018787498,
                    2.6966667264298727
                ],
                [
                    0.9084930280438365,
                    -0.35066419368731344,
                    -0.22732144918895497,
                    -1.3440146646887103
                ],
                [
                    0.32998893175070304,
                    0.9357213241702863,
                    -0.12463108927966535,
                    -0.9057435727454236
                ],
                [
                    0.0,
                    0.0,
                    0.0,
                    1.0
                ]
            ],
            "colmap_im_id": 111
        },
        {
            "file_path": "images/frame_00110.png",
            "transform_matrix": [
                [
                    0.24877894402981612,
                    0.03781956426119214,
                    0.9678216352027397,
                    2.505182418712835
                ],
                [
                    0.9096730903069677,
                    -0.3522286658354366,
                    -0.2200677980422428,
                    -0.8278736659519683
                ],
                [
                    0.3325716551042536,
                    0.9351495321727332,
                    -0.12203051543911272,
                    -0.7410758830781802
                ],
                [
                    0.0,
                    0.0,
                    0.0,
                    1.0
                ]
            ],
            "colmap_im_id": 110
        },
        {
            "file_path": "images/frame_00109.png",
            "transform_matrix": [
                [
                    0.25268010302181365,
                    0.03767919296602024,
                    0.9668159307512032,
                    2.2656860231658826
                ],
                [
                    0.909395373867182,
                    -0.3504530012224865,
                    -0.22401506182201247,
                    -0.35724895042371907
                ],
                [
                    0.3303828378197842,
                    0.9358220837058621,
                    -0.12281778422754934,
                    -0.6247057571561428
                ],
                [
                    0.0,
                    0.0,
                    0.0,
                    1.0
                ]
            ],
            "colmap_im_id": 109
        },
        {
            "file_path": "images/frame_00108.png",
            "transform_matrix": [
                [
                    0.9544220429573624,
                    0.031012118814305396,
                    -0.29684476145578576,
                    -0.9523516886696429
                ],
                [
                    -0.28474482172934434,
                    -0.20342490727200693,
                    -0.9367703526477018,
                    -2.187543591633805
                ],
                [
                    -0.08943685155135352,
                    0.9785992824379256,
                    -0.1853226753437322,
                    -0.6796518503241675
                ],
                [
                    0.0,
                    0.0,
                    0.0,
                    1.0
                ]
            ],
            "colmap_im_id": 108
        },
        {
            "file_path": "images/frame_00107.png",
            "transform_matrix": [
                [
                    0.24869368742902878,
                    0.027668242494579814,
                    0.9681869231662924,
                    2.05274940804051
                ],
                [
                    0.9097839049552925,
                    -0.3496448736897201,
                    -0.22370004154402245,
                    0.13129432137265942
                ],
                [
                    0.3323322074630298,
                    0.9364736678944906,
                    -0.11212659462852202,
                    -0.5099788382986321
                ],
                [
                    0.0,
                    0.0,
                    0.0,
                    1.0
                ]
            ],
            "colmap_im_id": 107
        },
        {
            "file_path": "images/frame_00106.png",
            "transform_matrix": [
                [
                    0.22350031976948753,
                    0.00876828873167531,
                    0.9746644161841829,
                    1.8767424214039
                ],
                [
                    0.9180308543881861,
                    -0.3378963388264563,
                    -0.20747388895707464,
                    0.5844672840272535
                ],
                [
                    0.3275163468504018,
                    0.9411424872570542,
                    -0.08356949937251412,
                    -0.29759587592175385
                ],
                [
                    0.0,
                    0.0,
                    0.0,
                    1.0
                ]
            ],
            "colmap_im_id": 106
        },
        {
            "file_path": "images/frame_00105.png",
            "transform_matrix": [
                [
                    0.04059950089697221,
                    -0.03755887543572387,
                    0.9984693342326139,
                    1.6315549491240322
                ],
                [
                    0.9398351636426043,
                    -0.3378117119932905,
                    -0.050922612079895166,
                    0.9926922425764299
                ],
                [
                    0.339207231213891,
                    0.9404640227654462,
                    0.021584164937286748,
                    -0.15258694979874962
                ],
                [
                    0.0,
                    0.0,
                    0.0,
                    1.0
                ]
            ],
            "colmap_im_id": 105
        },
        {
            "file_path": "images/frame_00104.png",
            "transform_matrix": [
                [
                    -0.20137392472406762,
                    -0.035125141979749516,
                    0.9788844501993722,
                    1.5478064020669706
                ],
                [
                    0.9195477719778593,
                    -0.35107697555950024,
                    0.1765696810965808,
                    1.3369815708204897
                ],
                [
                    0.3374617570803834,
                    0.9356875448743006,
                    0.10299699449655694,
                    -0.04020468005327391
                ],
                [
                    0.0,
                    0.0,
                    0.0,
                    1.0
                ]
            ],
            "colmap_im_id": 104
        },
        {
            "file_path": "images/frame_00103.png",
            "transform_matrix": [
                [
                    -0.5246144904083085,
                    -0.06792142140794599,
                    0.8486261349779145,
                    1.4069340026760158
                ],
                [
                    0.8129316541624737,
                    -0.33599576822430494,
                    0.4756563564129275,
                    1.6939146409695733
                ],
                [
                    0.25282753432783656,
                    0.9394112647021449,
                    0.2314837221845702,
                    0.051783354321516366
                ],
                [
                    0.0,
                    0.0,
                    0.0,
                    1.0
                ]
            ],
            "colmap_im_id": 103
        },
        {
            "file_path": "images/frame_00102.png",
            "transform_matrix": [
                [
                    -0.6441700880912211,
                    -0.09649337064343684,
                    0.7587713272326625,
                    1.3386928051797884
                ],
                [
                    0.7356194842475585,
                    -0.3499236626722574,
                    0.5800150038554072,
                    2.0903543724057103
                ],
                [
                    0.20954443921016894,
                    0.9317952885284945,
                    0.29639276015482446,
                    0.16907534300609578
                ],
                [
                    0.0,
                    0.0,
                    0.0,
                    1.0
                ]
            ],
            "colmap_im_id": 102
        },
        {
            "file_path": "images/frame_00101.png",
            "transform_matrix": [
                [
                    -0.6714954482690224,
                    -0.10092614659320412,
                    0.7341033822887835,
                    1.075390022123098
                ],
                [
                    0.7123747166806588,
                    -0.3606596178495172,
                    0.6020356327384547,
                    2.54723749261867
                ],
                [
                    0.20400030879421696,
                    0.9272208760519184,
                    0.3140785268454003,
                    0.2843112183423819
                ],
                [
                    0.0,
                    0.0,
                    0.0,
                    1.0
                ]
            ],
            "colmap_im_id": 101
        },
        {
            "file_path": "images/frame_00100.png",
            "transform_matrix": [
                [
                    -0.8341455764636364,
                    -0.11108945384059772,
                    0.540240955973855,
                    0.8684878073861607
                ],
                [
                    0.5407651608610168,
                    -0.3574308433261485,
                    0.7614566521070759,
                    2.964866566210762
                ],
                [
                    0.1085089768871946,
                    0.9273091854848392,
                    0.35822266322824736,
                    0.4060442281838616
                ],
                [
                    0.0,
                    0.0,
                    0.0,
                    1.0
                ]
            ],
            "colmap_im_id": 100
        },
        {
            "file_path": "images/frame_00099.png",
            "transform_matrix": [
                [
                    -0.9419794473466638,
                    -0.09581837847131781,
                    0.3217041484401463,
                    0.777925292719415
                ],
                [
                    0.3355108673305704,
                    -0.29832217029994057,
                    0.8935526512806172,
                    3.3509306457503754
                ],
                [
                    0.01035271363270301,
                    0.9496434704954595,
                    0.31316146037751635,
                    0.5286447946547402
                ],
                [
                    0.0,
                    0.0,
                    0.0,
                    1.0
                ]
            ],
            "colmap_im_id": 99
        },
        {
            "file_path": "images/frame_00098.png",
            "transform_matrix": [
                [
                    -0.9699512808393022,
                    -0.10122977356183496,
                    0.22123979240366748,
                    0.5829669974307293
                ],
                [
                    0.24113218191011618,
                    -0.2788776101231434,
                    0.929560406546703,
                    3.8155299501115456
                ],
                [
                    -0.032400364897094795,
                    0.9549763408151133,
                    0.2949074513095786,
                    0.6807809414819388
                ],
                [
                    0.0,
                    0.0,
                    0.0,
                    1.0
                ]
            ],
            "colmap_im_id": 98
        },
        {
            "file_path": "images/frame_00097.png",
            "transform_matrix": [
                [
                    0.9565622552623754,
                    0.02478203820549964,
                    -0.29047289441484825,
                    -0.7014443741260872
                ],
                [
                    -0.27953095456361177,
                    -0.20492614351166455,
                    -0.9380126444489927,
                    -2.5457206799420047
                ],
                [
                    -0.08277135523908251,
                    0.978463656089391,
                    -0.18909726720412384,
                    -0.8102218937473226
                ],
                [
                    0.0,
                    0.0,
