{
    "w": 1920,
    "h": 1080,
    "fl_x": 891.3244409847786,
    "fl_y": 889.7810777330952,
    "cx": 959.4993814945839,
    "cy": 536.8389239244759,
    "k1": 0.0034998665486750784,
    "k2": -0.0024743047058361288,
    "p1": 0.00048353722681570156,
    "p2": -0.00022518943175164026,
    "camera_model": "OPENCV",
    "frames": [
        {
            "file_path": "images/frame_00001.png",
            "transform_matrix": [
                [
                    0.9952631227244711,
                    -0.011135507756783418,
                    -0.09657803586599302,
                    0.22515821224827684
                ],
                [
                    -0.09658918258221191,
                    -0.0004663283851224556,
                    -0.995324224735808,
                    -5.085712812405284
                ],
                [
                    0.011038403545556345,
                    0.9999378895735653,
                    -0.0015396890366576256,
                    -1.0630533744889585
                ],
                [
                    0.0,
                    0.0,
                    0.0,
                    1.0
                ]
            ],
            "colmap_im_id": 1
        },
        {
            "file_path": "images/frame_00002.png",
            "transform_matrix": [
                [
                    0.9949456695980338,
                    -0.009940544435269864,
                    -0.09992146978728218,
                    0.2198270620354965
                ],
                [
                    -0.09991327596068798,
                    0.0013187509755308014,
                    -0.9949952754574605,
                    -5.071175906167705
                ],
                [
                    0.010022566284326916,
                    0.9999497219721574,
                    0.00031889321302195435,
                    -1.0612224268062243
                ],
                [
                    0.0,
                    0.0,
                    0.0,
                    1.0
                ]
            ],
            "colmap_im_id": 2
        },
        {
            "file_path": "images/frame_00003.png",
            "transform_matrix": [
                [
                    0.9947838004762912,
                    -0.009350999939552244,
                    -0.10157632160142922,
                    0.21133582474323703
                ],
                [
                    -0.10155800469459837,
                    0.002414486283115557,
                    -0.9948266893979275,
                    -5.057582453148692
                ],
                [
                    0.009547878947620964,
                    0.9999533634405751,
                    0.001452222945155332,
                    -1.0621310768019607
                ],
                [
                    0.0,
                    0.0,
                    0.0,
                    1.0
                ]
            ],
            "colmap_im_id": 3
        },
        {
            "file_path": "images/frame_00004.png",
            "transform_matrix": [
                [
                    0.9944850474128407,
                    -0.009211560685320981,
                    -0.10447314306567444,
                    0.19333940012041703
                ],
                [
                    -0.10444433113079463,
                    0.0035565863308604315,
                    -0.9945243749593633,
                    -5.036332697298262
                ],
                [
                    0.0095326893855385,
                    0.9999512477333143,
                    0.002574876631424522,
                    -1.0608933703457282
                ],
                [
                    0.0,
                    0.0,
                    0.0,
                    1.0
                ]
            ],
            "colmap_im_id": 4
        },
        {
            "file_path": "images/frame_00005.png",
            "transform_matrix": [
                [
                    0.9943188666308239,
                    -0.009534728332595815,
                    -0.1060145292760262,
                    0.18025812357982357
                ],
                [
                    -0.10598309171623668,
                    0.0037455441793425087,
                    -0.9943608777345719,
                    -5.022987647948
                ],
                [
                    0.009878042936816222,
                    0.9999475285505856,
                    0.0027137452559566192,
                    -1.0596503681498002
                ],
                [
                    0.0,
                    0.0,
                    0.0,
                    1.0
                ]
            ],
            "colmap_im_id": 5
        },
        {
            "file_path": "images/frame_00006.png",
            "transform_matrix": [
                [
                    0.9940940562020272,
                    -0.010562289847937029,
                    -0.10800669172310039,
                    0.1633749048862203
                ],
                [
                    -0.10794798388792766,
                    0.005980455024875594,
                    -0.9941385551985332,
                    -4.998164784146273
                ],
                [
                    0.011146308731251858,
                    0.9999263333820464,
                    0.004804956899287645,
                    -1.0609991894225637
                ],
                [
                    0.0,
                    0.0,
                    0.0,
                    1.0
                ]
            ],
            "colmap_im_id": 6
        },
        {
            "file_path": "images/frame_00007.png",
            "transform_matrix": [
                [
                    0.9939416708888933,
                    -0.013042035512090959,
                    -0.1091323058507238,
                    0.14754100406889106
                ],
                [
                    -0.10899144296936938,
                    0.011065180464683718,
                    -0.9939810999917146,
                    -4.9434519176509415
                ],
                [
                    0.014171105463204492,
                    0.9998537228469899,
                    0.009576673690034326,
                    -1.0583722505325632
                ],
                [
                    0.0,
                    0.0,
                    0.0,
                    1.0
                ]
            ],
            "colmap_im_id": 7
        },
        {
            "file_path": "images/frame_00008.png",
            "transform_matrix": [
                [
                    0.9938764810130427,
                    -0.01620374735764463,
                    -0.10930223721727127,
                    0.1450365164743279
                ],
                [
                    -0.10913270362415438,
                    0.011004264248108285,
                    -0.9939662766754415,
                    -4.89138493535773
                ],
                [
                    0.017308769130515822,
                    0.9998081539675137,
                    0.009168520669064992,
                    -1.0502325400485442
                ],
                [
                    0.0,
                    0.0,
                    0.0,
                    1.0
                ]
            ],
            "colmap_im_id": 8
        },
        {
            "file_path": "images/frame_00009.png",
            "transform_matrix": [
                [
                    0.9940995151055667,
                    -0.019426626309294235,
                    -0.10671813462160917,
                    0.1512727080392018
                ],
                [
                    -0.10653815001222208,
                    0.01007825503804855,
                    -0.9942575377473188,
                    -4.838504780057459
                ],
                [
                    0.020390602218917548,
                    0.999760488800006,
                    0.007949111618463331,
                    -1.0435617526910634
                ],
                [
                    0.0,
                    0.0,
                    0.0,
                    1.0
                ]
            ],
            "colmap_im_id": 9
        },
        {
            "file_path": "images/frame_00010.png",
            "transform_matrix": [
                [
                    0.9943051150470229,
                    -0.02371937974392698,
                    -0.10389768628747033,
                    0.16616347548627947
                ],
                [
                    -0.103675324707541,
                    0.010422784217760685,
                    -0.9945565809022311,
                    -4.749678606912832
                ],
                [
                    0.024673168384140555,
                    0.9996643219569825,
                    0.007904313263937734,
                    -1.0311903411135193
                ],
                [
                    0.0,
                    0.0,
                    0.0,
                    1.0
                ]
            ],
            "colmap_im_id": 10
        },
        {
            "file_path": "images/frame_00011.png",
            "transform_matrix": [
                [
                    0.994464509504371,
                    -0.029011035201862687,
                    -0.10098860912373817,
                    0.1827480759026218
                ],
                [
                    -0.10081659506102292,
                    0.007335759607127981,
                    -0.9948779828658828,
                    -4.655590183076576
                ],
                [
                    0.029603268342070232,
                    0.999552172959222,
                    0.004370358791297233,
                    -1.0003335863161755
                ],
                [
                    0.0,
                    0.0,
                    0.0,
                    1.0
                ]
            ],
            "colmap_im_id": 11
        },
        {
            "file_path": "images/frame_00012.png",
            "transform_matrix": [
                [
                    0.9944833228217064,
                    -0.03415595654339695,
                    -0.09917807853605161,
                    0.19179920296249428
                ],
                [
                    -0.09905235359898855,
                    0.005357737283377165,
                    -0.9950677996486988,
                    -4.556693306044603
                ],
                [
                    0.034518862611600885,
                    0.9994021539319434,
                    0.0019449524913304223,
                    -0.9652484500786944
                ],
                [
                    0.0,
                    0.0,
                    0.0,
                    1.0
                ]
            ],
            "colmap_im_id": 12
        },
        {
            "file_path": "images/frame_00013.png",
            "transform_matrix": [
                [
                    0.9945412562956549,
                    -0.03840810789448109,
                    -0.09701807446979327,
                    0.19085343839895813
                ],
                [
                    -0.09667138236209995,
                    0.010787471066829691,
                    -0.9952578933624103,
                    -4.461742038303748
                ],
                [
                    0.03927255222239983,
                    0.9992039069759228,
                    0.007015620142985658,
                    -0.9486717037095697
                ],
                [
                    0.0,
                    0.0,
                    0.0,
                    1.0
                ]
            ],
            "colmap_im_id": 13
        },
        {
            "file_path": "images/frame_00014.png",
            "transform_matrix": [
                [
                    0.9944188742722928,
                    -0.042613033082984815,
                    -0.09651544903534538,
                    0.16926525670827167
                ],
                [
                    -0.0960463021641057,
                    0.012927659507021967,
                    -0.9952929133979964,
                    -4.362262786408832
                ],
                [
                    0.043660168708185426,
                    0.9990080104939795,
                    0.008762684362330894,
                    -0.9415748522434285
                ],
                [
                    0.0,
                    0.0,
                    0.0,
                    1.0
                ]
            ],
            "colmap_im_id": 14
        },
        {
            "file_path": "images/frame_00015.png",
            "transform_matrix": [
                [
                    0.9943408228978858,
                    -0.0475825189430071,
                    -0.09498542946048932,
                    0.10823125743043618
                ],
                [
                    -0.09452610658832372,
                    0.011817201986198848,
                    -0.9954522434102353,
                    -4.231950220788371
                ],
                [
                    0.048488587234606875,
                    0.9987974056975998,
                    0.007252536089959869,
                    -0.9311278112508914
                ],
                [
                    0.0,
                    0.0,
                    0.0,
                    1.0
                ]
            ],
            "colmap_im_id": 15
        },
        {
            "file_path": "images/frame_00016.png",
            "transform_matrix": [
                [
                    0.9939006854933568,
                    -0.05029597281520561,
                    -0.09814144126925911,
                    0.05374161550656109
                ],
                [
                    -0.09770026733524348,
                    0.011162227381282173,
                    -0.9951532859024838,
                    -4.137514120729783
                ],
                [
                    0.05114767969768808,
                    0.9986719780781178,
                    0.006180215455957337,
                    -0.9133753023251696
                ],
                [
                    0.0,
                    0.0,
                    0.0,
                    1.0
                ]
            ],
            "colmap_im_id": 16
        },
        {
            "file_path": "images/frame_00017.png",
            "transform_matrix": [
                [
                    0.9930245876601222,
                    -0.05292339775131529,
                    -0.10536262275067235,
                    -0.01479705882099477
                ],
                [
                    -0.10483802114039141,
                    0.012600445858293598,
                    -0.9944094820985664,
                    -4.018898858976997
                ],
                [
                    0.05395514457223953,
                    0.9985190747975867,
                    0.006964168260491958,
                    -0.8851131636113292
                ],
                [
                    0.0,
                    0.0,
                    0.0,
                    1.0
                ]
            ],
            "colmap_im_id": 17
        },
        {
            "file_path": "images/frame_00018.png",
            "transform_matrix": [
                [
                    0.9938123536246024,
                    -0.05357643685967138,
                    -0.09729630618142626,
                    -0.07066467482479716
                ],
                [
                    -0.09682056731585102,
                    0.011410863891174463,
                    -0.9952364392092433,
                    -3.9371743374324994
                ],
                [
                    0.05443145715268849,
                    0.9984985516257291,
                    0.00615295648906283,
                    -0.8714868426196021
                ],
                [
                    0.0,
                    0.0,
                    0.0,
                    1.0
                ]
            ],
            "colmap_im_id": 18
        },
        {
            "file_path": "images/frame_00019.png",
            "transform_matrix": [
                [
                    0.9940514214651266,
                    -0.05371290706976886,
                    -0.09474542256634799,
                    -0.14705130818560413
                ],
                [
                    -0.0943413686409812,
                    0.010014449227659632,
                    -0.9954895363436089,
                    -3.8100136094195407
                ],
                [
                    0.05441946017839539,
                    0.9985062014934015,
                    0.004887528323297564,
                    -0.8566069538657823
                ],
                [
                    0.0,
                    0.0,
                    0.0,
                    1.0
                ]
            ],
            "colmap_im_id": 19
        },
        {
            "file_path": "images/frame_00020.png",
            "transform_matrix": [
                [
                    0.9941418835923272,
                    -0.05279533007377835,
                    -0.09431101955710385,
                    -0.20997383324446536
                ],
                [
                    -0.09415075577269169,
                    0.005520042684580164,
                    -0.995542648165407,
                    -3.7022751365184274
                ],
                [
                    0.05308060356599755,
                    0.9985900972126457,
                    0.0005169854042436201,
                    -0.8447495934257199
                ],
                [
                    0.0,
                    0.0,
                    0.0,
                    1.0
                ]
            ],
            "colmap_im_id": 20
        },
        {
            "file_path": "images/frame_00021.png",
            "transform_matrix": [
                [
                    0.9942820902048838,
                    -0.05103500751877074,
                    -0.09380060290513241,
                    -0.27684481292874397
                ],
                [
                    -0.09388503657127215,
                    0.0007456311442546406,
                    -0.9955827659929675,
                    -3.5905349556728563
                ],
                [
                    0.050879514598885595,
                    0.998696586577603,
                    -0.004050055854683576,
                    -0.8247001011934418
                ],
                [
                    0.0,
                    0.0,
                    0.0,
                    1.0
                ]
            ],
            "colmap_im_id": 21
        },
        {
            "file_path": "images/frame_00022.png",
            "transform_matrix": [
                [
                    0.9940176127811504,
                    -0.04880812260380914,
                    -0.09770748512143038,
                    -0.33696915831993035
                ],
                [
                    -0.09788482736233839,
                    -0.0012508148444225285,
                    -0.9951969634371229,
                    -3.49880924791463
                ],
                [
                    0.04845148143357657,
                    0.9988073901559382,
                    -0.006020906640637806,
                    -0.7951869118066439
                ],
                [
                    0.0,
                    0.0,
                    0.0,
                    1.0
                ]
            ],
            "colmap_im_id": 22
        },
        {
            "file_path": "images/frame_00023.png",
            "transform_matrix": [
                [
                    0.9926216309406628,
                    -0.04376524963750438,
                    -0.11307917895379939,
                    -0.45243184237334766
                ],
                [
                    -0.11306814456980689,
                    0.002735434009042471,
                    -0.9935834701142745,
                    -3.349143792089497
                ],
                [
                    0.04379374923707393,
                    0.9990380975342978,
                    -0.00223320460576074,
                    -0.7597318866831402
                ],
                [
                    0.0,
                    0.0,
                    0.0,
                    1.0
                ]
            ],
            "colmap_im_id": 23
        },
        {
            "file_path": "images/frame_00024.png",
            "transform_matrix": [
                [
                    0.9914504765901714,
                    -0.04103030474920921,
                    -0.12386471071822276,
                    -0.5320707740482903
                ],
                [
                    -0.12398658640502846,
                    -0.0004292972699104802,
                    -0.9922838011856701,
                    -3.2676509098822972
                ],
                [
                    0.040660531978202186,
                    0.9991578102562383,
                    -0.005512834407864085,
                    -0.7530515157132576
                ],
                [
                    0.0,
                    0.0,
                    0.0,
                    1.0
                ]
            ],
            "colmap_im_id": 24
        },
        {
            "file_path": "images/frame_00025.png",
            "transform_matrix": [
                [
                    0.9902861297845136,
                    -0.037262022454311323,
                    -0.13395866093323075,
                    -0.652839497014828
                ],
                [
                    -0.1341312501696908,
                    -0.002159794498077249,
                    -0.9909612217517103,
                    -3.1660746074910335
                ],
                [
                    0.03663589611741061,
                    0.999303195717066,
                    -0.007136816190278672,
                    -0.7468093972265996
                ],
                [
                    0.0,
                    0.0,
                    0.0,
                    1.0
                ]
            ],
            "colmap_im_id": 25
        },
        {
            "file_path": "images/frame_00026.png",
            "transform_matrix": [
                [
                    0.9888876503784156,
                    -0.033489173811588675,
                    -0.14484367492739755,
                    -0.7776920928492688
                ],
                [
                    -0.14506579108279272,
                    -0.00428779972942116,
                    -0.9894127202694556,
                    -3.0608514935617035
                ],
                [
                    0.032513553890338484,
                    0.9994298824884602,
                    -0.00909828569140775,
                    -0.7214746419193184
                ],
                [
                    0.0,
                    0.0,
                    0.0,
                    1.0
                ]
            ],
            "colmap_im_id": 26
        },
        {
            "file_path": "images/frame_00027.png",
            "transform_matrix": [
                [
                    0.9870946555706891,
                    -0.0284732455343697,
                    -0.15758621523636648,
                    -0.9031469886367489
                ],
                [
                    -0.15775990501557005,
                    -0.003946155021319041,
                    -0.98746961483887,
                    -2.9440501340753173
                ],
                [
                    0.02749460516649097,
                    0.9995867656933475,
                    -0.008387165042584636,
                    -0.6892016701833151
                ],
                [
                    0.0,
                    0.0,
                    0.0,
                    1.0
                ]
            ],
            "colmap_im_id": 27
        },
        {
            "file_path": "images/frame_00028.png",
            "transform_matrix": [
                [
                    0.9851218225654282,
                    -0.025491435352759186,
                    -0.16995641037932457,
                    -0.9707900784146876
                ],
                [
                    -0.17015036074190037,
                    -0.005626947595722128,
                    -0.9854020459691345,
                    -2.8607312805587584
                ],
                [
                    0.024162976736537323,
                    0.999659204021256,
                    -0.009880605792078745,
                    -0.6761065124608129
                ],
                [
                    0.0,
                    0.0,
                    0.0,
                    1.0
                ]
            ],
            "colmap_im_id": 28
        },
        {
            "file_path": "images/frame_00029.png",
            "transform_matrix": [
                [
                    0.9830174863065044,
                    -0.022766008864319447,
                    -0.18209429001490127,
                    -1.0286950718013321
                ],
                [
                    -0.1823248233793827,
                    -0.00848014088464133,
                    -0.9832017829470476,
                    -2.7663614745113003
                ],
                [
                    0.020839395272372073,
                    0.9997048544700411,
                    -0.01248693532118564,
                    -0.673134663998408
                ],
                [
                    0.0,
                    0.0,
                    0.0,
                    1.0
                ]
            ],
            "colmap_im_id": 29
        },
        {
            "file_path": "images/frame_00030.png",
            "transform_matrix": [
                [
                    0.9792303860627917,
                    -0.018716028750081205,
                    -0.20188501994735042,
                    -1.1035907556531381
                ],
                [
                    -0.20213882708267683,
                    -0.012819993379057383,
                    -0.9792729662128945,
                    -2.6014897351898782
                ],
                [
                    0.015739936370761928,
                    0.999742645903228,
                    -0.016336963165083866,
                    -0.658175838830756
                ],
                [
                    0.0,
                    0.0,
                    0.0,
                    1.0
                ]
            ],
            "colmap_im_id": 30
        },
        {
            "file_path": "images/frame_00031.png",
            "transform_matrix": [
                [
                    0.9752716283270785,
                    -0.015636920356905514,
                    -0.22045574998625123,
                    -1.157367216356443
                ],
                [
                    -0.2206843333551736,
                    -0.014801828055292841,
                    -0.9752329623724806,
                    -2.4684799682096092
                ],
                [
                    0.01198649205695039,
                    0.9997681694312802,
                    -0.017886626294394522,
                    -0.6138742506812077
                ],
                [
                    0.0,
                    0.0,
                    0.0,
                    1.0
                ]
            ],
            "colmap_im_id": 31
        },
        {
            "file_path": "images/frame_00032.png",
            "transform_matrix": [
                [
                    0.970783965300666,
                    -0.011267806520238741,
                    -0.23969048635967521,
                    -1.2096977358073309
                ],
                [
                    -0.23980302248242405,
                    -0.00998898206213615,
                    -0.9707701739575935,
                    -2.3423240883395087
                ],
                [
                    0.008544186527061182,
                    0.9998866219595024,
                    -0.012399197675898175,
                    -0.5810654770136328
                ],
                [
                    0.0,
                    0.0,
                    0.0,
                    1.0
                ]
            ],
            "colmap_im_id": 32
        },
        {
            "file_path": "images/frame_00033.png",
            "transform_matrix": [
                [
                    0.9664350544565788,
                    -0.007720083514184976,
                    -0.25679502687560624,
                    -1.268684990187935
                ],
                [
                    -0.25685993715348476,
                    -0.009098531760834274,
                    -0.9664058098983599,
                    -2.2095138187748433
                ],
                [
                    0.00512427585295691,
                    0.9999288059808713,
                    -0.010776120204029991,
                    -0.5663722705000666
                ],
                [
                    0.0,
                    0.0,
                    0.0,
                    1.0
                ]
            ],
            "colmap_im_id": 33
        },
        {
            "file_path": "images/frame_00034.png",
            "transform_matrix": [
                [
                    0.9625138192129599,
                    -0.00439486774833344,
                    -0.27119703715482607,
                    -1.3362408894002404
                ],
                [
                    -0.2712282506182933,
                    -0.009903932452069662,
                    -0.9624641022856515,
                    -2.0732889508902206
                ],
                [
                    0.0015439853048810819,
                    0.9999412969067031,
                    -0.01072468414074798,
                    -0.5515194830773921
                ],
                [
                    0.0,
                    0.0,
                    0.0,
                    1.0
                ]
            ],
            "colmap_im_id": 34
        },
        {
            "file_path": "images/frame_00035.png",
            "transform_matrix": [
                [
                    0.9582896108259938,
                    0.0005931047870761698,
                    -0.2857983030209886,
                    -1.3978663741302302
                ],
                [
                    -0.28579626304854766,
                    -0.0023220205903380967,
                    -0.9582875895303369,
                    -1.929152184588023
                ],
                [
                    -0.0012319945010445482,
                    0.9999971282194212,
                    -0.0020556610761024658,
                    -0.5255613480141199
                ],
                [
                    0.0,
                    0.0,
                    0.0,
                    1.0
                ]
            ],
            "colmap_im_id": 35
        },
        {
            "file_path": "images/frame_00036.png",
            "transform_matrix": [
                [
                    0.953801365709594,
                    0.0048661015164732264,
                    -0.30039852833618375,
                    -1.4367164527920513
                ],
                [
                    -0.3004089985376006,
                    0.0015692357764121303,
                    -0.9538091900882031,
                    -1.7893205743947642
                ],
                [
                    -0.004169936228467613,
                    0.9999869291921317,
                    0.0029585599100082666,
                    -0.5032744819328626
                ],
                [
                    0.0,
                    0.0,
                    0.0,
                    1.0
                ]
            ],
            "colmap_im_id": 36
        },
        {
            "file_path": "images/frame_00037.png",
            "transform_matrix": [
                [
                    0.9481812951045893,
                    0.008823248595533994,
                    -0.31760727620444285,
                    -1.4526318004025762
                ],
                [
                    -0.3176143652486938,
                    -0.0006230471659894745,
                    -0.9482197671425641,
                    -1.6354298007871095
                ],
                [
                    -0.008564263042035017,
                    0.9999608802830489,
                    0.0022116288333428142,
                    -0.475253278465438
                ],
                [
                    0.0,
                    0.0,
                    0.0,
                    1.0
                ]
            ],
            "colmap_im_id": 37
        },
        {
            "file_path": "images/frame_00038.png",
            "transform_matrix": [
                [
                    0.9460363001168286,
                    0.010270002257294459,
                    -0.3238978942736389,
                    -1.447804731829193
                ],
                [
                    -0.32388168954071417,
                    -0.0032497020856556945,
                    -0.9460920095934681,
                    -1.5580409392667853
                ],
                [
                    -0.010768938736693698,
                    0.9999419815619254,
                    0.0002519295450838262,
                    -0.4654878633505606
                ],
                [
                    0.0,
                    0.0,
                    0.0,
                    1.0
                ]
            ],
            "colmap_im_id": 38
        },
        {
            "file_path": "images/frame_00039.png",
            "transform_matrix": [
                [
                    0.9428270548045067,
                    0.012881786787578616,
                    -0.3330333381177009,
                    -1.424035770566087
                ],
                [
                    -0.3329553635208493,
                    -0.00784929496669767,
                    -0.9429099185347584,
                    -1.416845557446012
                ],
                [
                    -0.014760441435087673,
                    0.9998862175956249,
                    -0.003111467653087088,
                    -0.4456640207522268
                ],
                [
                    0.0,
                    0.0,
                    0.0,
                    1.0
                ]
            ],
            "colmap_im_id": 39
        },
        {
            "file_path": "images/frame_00040.png",
            "transform_matrix": [
                [
                    0.9383120510884184,
                    0.016787416104421006,
                    -0.3453819298150703,
                    -1.3778755623368582
                ],
                [
                    -0.3452652802160759,
                    -0.009502640805142267,
                    -0.9384570241066146,
                    -1.2411796861624236
                ],
                [
                    -0.019036308979413864,
                    0.9998139239269803,
                    -0.003120330459232758,
                    -0.3994101209678137
                ],
                [
                    0.0,
                    0.0,
                    0.0,
                    1.0
                ]
            ],
            "colmap_im_id": 40
        },
        {
            "file_path": "images/frame_00041.png",
            "transform_matrix": [
                [
                    0.9345614154432169,
                    0.021641163621965578,
                    -0.35514309904862074,
                    -1.3461655202328764
                ],
                [
                    -0.35511001497260664,
                    -0.005482520286488523,
                    -0.9348084398621268,
                    -1.1013763134245904
                ],
                [
                    -0.02217742164739112,
                    0.9997507699463881,
                    0.0025612420186839663,
                    -0.3612029179275202
                ],
                [
                    0.0,
                    0.0,
                    0.0,
                    1.0
                ]
            ],
            "colmap_im_id": 41
        },
        {
            "file_path": "images/frame_00042.png",
            "transform_matrix": [
                [
                    0.9324754512275454,
                    0.025464716982977902,
                    -0.360334679217755,
                    -1.3247405837914088
                ],
                [
                    -0.36030309668441635,
                    -0.00597735545157885,
                    -0.9328161393015377,
                    -0.9600293662827968
                ],
                [
                    -0.02590774744368291,
                    0.999657851172481,
                    0.0036012791633007702,
                    -0.33698146828543746
                ],
                [
                    0.0,
                    0.0,
                    0.0,
                    1.0
                ]
            ],
            "colmap_im_id": 42
        },
        {
            "file_path": "images/frame_00043.png",
            "transform_matrix": [
                [
                    0.929543034591734,
                    0.02803996806572419,
                    -0.3676458989746293,
                    -1.2984476271121987
                ],
                [
                    -0.3675202479843563,
                    -0.00969747986925131,
                    -0.9299649596655257,
                    -0.8139769542814473
                ],
                [
                    -0.02964142647558309,
                    0.9995597626330596,
                    0.0012910311514322636,
                    -0.31860165775431454
                ],
                [
                    0.0,
                    0.0,
                    0.0,
                    1.0
                ]
            ],
            "colmap_im_id": 43
        },
        {
            "file_path": "images/frame_00044.png",
            "transform_matrix": [
                [
                    0.9268785358072024,
                    0.0306766992641244,
                    -0.37410576042364696,
                    -1.2585194473634258
                ],
                [
                    -0.3739942371792367,
                    -0.00951237868519227,
                    -0.927382243310961,
                    -0.678785653854194
                ],
                [
                    -0.03200766184240095,
                    0.9994840943076623,
                    0.002656089112688416,
                    -0.2851689768232119
                ],
                [
                    0.0,
                    0.0,
                    0.0,
                    1.0
                ]
            ],
            "colmap_im_id": 44
        },
        {
            "file_path": "images/frame_00045.png",
            "transform_matrix": [
                [
                    0.9271158156903154,
                    0.032211014125182735,
                    -0.37338815576542905,
                    -1.1994730971538314
                ],
                [
                    -0.37327457566944744,
                    -0.009696008274152481,
                    -0.9276702423719011,
                    -0.5689531560822144
